Date,Ltcf,Non ltcf,New_Death,Cumulative,Total cases,New_Cases
2/6/2020,0,1,1,1,6,0
2/17/2020,0,1,1,2,7,1
3/6/2020,0,1,1,3,45,10
3/9/2020,0,2,2,5,74,17
3/13/2020,0,1,1,6,186,48
3/15/2020,0,1,1,7,261,32
3/17/2020,0,3,3,10,351,53
3/20/2020,0,2,2,12,506,64
3/21/2020,0,2,2,14,542,36
3/22/2020,0,2,2,16,583,41
3/23/2020,1,4,5,21,662,79
3/24/2020,0,1,1,22,734,72
3/25/2020,0,7,7,29,812,78
3/27/2020,0,1,1,30,954,67
3/28/2020,0,2,2,32,994,40
3/29/2020,0,2,2,34,"1,018",24
3/30/2020,0,2,2,36,"1,096",78
3/31/2020,0,1,1,37,"1,147",51
4/1/2020,0,3,3,40,"1,197",50
4/2/2020,0,2,2,42,"1,250",53
4/3/2020,1,0,1,43,"1,293",43
4/4/2020,1,1,2,45,"1,326",33
4/5/2020,1,1,2,47,"1,369",43
4/6/2020,1,0,1,48,"1,422",53
4/7/2020,1,0,1,49,"1,463",41
4/8/2020,0,2,2,51,"1,535",72
4/9/2020,1,3,4,55,"1,603",68
4/10/2020,1,0,1,56,"1,685",82
4/11/2020,4,1,5,61,"1,726",41
4/12/2020,4,2,6,67,"1,750",24
4/13/2020,0,1,1,68,"1,791",41
4/14/2020,2,0,2,70,"1,835",44
4/15/2020,3,1,4,74,"1,865",30
4/16/2020,2,1,3,77,"1,892",27
4/17/2020,2,3,5,82,"1,934",42
4/18/2020,2,2,4,86,"1,949",15
4/19/2020,1,1,2,88,"1,963",14
4/20/2020,4,1,5,93,"1,988",25
4/21/2020,2,1,3,96,"2,014",26
4/22/2020,1,2,3,99,"2,063",49
4/23/2020,0,1,1,100,"2,083",20
4/24/2020,1,0,1,101,"2,113",30
4/25/2020,1,0,1,102,"2,127",14
4/26/2020,2,1,3,105,"2,138",11
4/27/2020,1,1,2,107,"2,162",24
4/28/2020,1,1,2,109,"2,184",22
4/29/2020,0,1,1,110,"2,212",28
4/30/2020,2,1,3,113,"2,223",11
5/1/2020,1,1,2,115,"2,244",21
5/2/2020,2,1,3,118,"2,256",12
5/3/2020,1,1,2,120,"2,264",8
5/4/2020,3,1,4,124,"2,283",19
5/6/2020,1,1,2,126,"2,324",28
5/8/2020,1,0,1,127,"2,360",24
5/9/2020,0,1,1,128,"2,371",11
5/11/2020,1,1,2,130,"2,394",20
5/12/2020,1,0,1,131,"2,409",15
5/13/2020,0,1,1,132,"2,429",20
5/14/2020,0,1,1,133,"2,453",24
5/15/2020,0,1,1,134,"2,468",15
5/16/2020,1,0,1,135,"2,483",15
5/21/2020,1,0,1,136,"2,630",21
5/25/2020,1,0,1,137,"2,682",7
5/28/2020,1,1,2,139,"2,776",23
5/31/2020,1,1,2,141,"2,846",10
6/1/2020,0,1,1,142,"2,880",34
6/2/2020,0,1,1,143,"2,905",25
6/5/2020,0,1,1,144,"3,020",36
6/9/2020,0,1,1,145,"3,137",47
6/10/2020,1,0,1,146,"3,200",63
6/12/2020,0,1,1,147,"3,308",58
6/19/2020,0,1,1,148,"3,804",110
6/20/2020,1,0,1,149,"3,854",50
6/23/2020,2,0,2,151,"4,188",191
6/24/2020,1,0,1,152,"4,335",147
6/25/2020,0,1,1,153,"4,472",137
6/29/2020,2,0,2,155,"4,919",140
7/2/2020,0,1,1,156,"5,477",185
7/3/2020,0,1,1,157,"5,556",79
7/4/2020,1,1,2,159,"5,600",44
7/5/2020,1,2,3,162,"5,697",97
7/6/2020,0,2,2,164,"5,951",254
7/7/2020,0,1,1,165,"6,243",292
7/9/2020,3,2,5,170,"6,812",281
7/12/2020,0,1,1,171,"7,357",119
7/13/2020,1,0,1,172,"7,563",206
7/14/2020,1,1,2,174,"7,917",354
7/15/2020,0,1,1,175,"8,302",385
7/16/2020,1,1,2,177,"8,642",340
7/17/2020,1,0,1,178,"8,941",299
7/18/2020,0,2,2,180,"9,111",170
7/19/2020,0,1,1,181,"9,198",87
7/20/2020,0,1,1,182,"9,414",216
7/21/2020,0,1,1,183,"9,726",312
7/23/2020,2,1,3,186,"10,309",282
7/24/2020,0,1,1,187,"10,555",246
7/25/2020,1,1,2,189,"10,682",127
7/26/2020,0,1,1,190,"10,768",86
7/28/2020,0,2,2,192,"11,242",298
7/30/2020,0,2,2,194,"11,757",242
7/31/2020,0,1,1,195,"12,019",262
8/1/2020,0,2,2,197,"12,192",173
8/2/2020,0,2,2,199,"12,276",84
8/3/2020,0,3,3,202,"12,446",170
8/4/2020,2,1,3,205,"12,748",302
8/5/2020,1,0,1,206,"13,081",333
8/9/2020,0,1,1,207,"13,903",111
8/11/2020,0,2,2,209,"14,458",331
8/12/2020,1,0,1,210,"14,742",284
8/13/2020,0,3,3,213,"14,985",243
8/14/2020,1,0,1,214,"15,239",254
8/15/2020,0,2,2,216,"15,395",156
8/16/2020,2,1,3,219,"15,466",71
8/17/2020,1,0,1,220,"15,652",186
8/18/2020,1,1,2,222,"15,919",267
8/19/2020,2,3,5,227,"16,091",172
8/20/2020,0,2,2,229,"16,253",162
8/21/2020,1,2,3,232,"16,419",166
8/22/2020,2,0,2,234,"16,557",138
8/23/2020,1,1,2,236,"16,617",60
8/24/2020,3,1,4,240,"16,773",156
8/25/2020,0,1,1,241,"17,061",288
8/26/2020,4,2,6,247,"17,289",228
8/28/2020,1,2,3,250,"17,679",191
8/29/2020,0,1,1,251,"17,820",141
8/30/2020,0,3,3,254,"17,876",56
8/31/2020,1,0,1,255,"18,024",148
9/1/2020,3,0,3,258,"18,258",234
9/2/2020,1,0,1,259,"18,488",230
9/3/2020,0,1,1,260,"18,657",169
9/4/2020,1,1,2,262,"18,834",177
9/6/2020,2,2,4,266,"18,969",45
9/8/2020,2,2,4,270,"19,203",193
9/10/2020,0,1,1,271,"19,555",145
9/11/2020,1,1,2,273,"19,687",132
9/12/2020,0,1,1,274,"19,770",83
9/13/2020,1,4,5,279,"19,803",33
9/14/2020,0,4,4,283,"19,928",125
9/15/2020,1,2,3,286,"20,154",226
9/17/2020,0,2,2,288,"20,480",176
9/19/2020,3,1,4,292,"20,682",71
9/20/2020,1,0,1,293,"20,724",42
9/21/2020,1,0,1,294,"20,846",122
9/22/2020,2,0,2,296,"20,992",146
9/23/2020,0,2,2,298,"21,130",138
9/24/2020,0,2,2,300,"21,248",118
9/26/2020,1,3,4,304,"21,403",52
9/27/2020,3,1,4,308,"21,443",40
9/28/2020,0,2,2,310,"21,540",97
9/29/2020,1,1,2,312,"21,685",145
9/30/2020,1,2,3,315,"21,803",118
10/2/2020,0,2,2,317,"22,046",121
10/3/2020,0,2,2,319,"22,112",66
10/4/2020,0,3,3,322,"22,155",43
10/5/2020,0,2,2,324,"22,240",85
10/6/2020,1,0,1,325,"22,389",149
10/8/2020,1,4,5,330,"22,646",127
10/9/2020,1,0,1,331,"22,759",113
10/11/2020,1,2,3,334,"22,891",44
10/12/2020,2,0,2,336,"23,026",135
10/14/2020,1,0,1,337,"23,319",143
10/15/2020,2,0,2,339,"23,479",160
10/18/2020,2,0,2,341,"23,696",40
10/19/2020,0,2,2,343,"23,836",140
10/21/2020,4,0,4,347,"24,182",147
10/22/2020,2,0,2,349,"24,314",132
10/23/2020,3,1,4,353,"24,459",145
10/24/2020,2,0,2,355,"24,528",69
10/25/2020,1,0,1,356,"24,584",56
10/26/2020,0,1,1,357,"24,742",158
10/27/2020,1,1,2,359,"24,944",202
10/29/2020,1,0,1,360,"25,256",143
10/30/2020,0,2,2,362,"25,404",148
10/31/2020,1,0,1,363,"25,502",98
11/1/2020,1,3,4,367,"25,558",56
11/2/2020,1,3,4,371,"25,778",220
11/3/2020,0,1,1,372,"26,058",280
11/4/2020,5,1,6,378,"26,358",300
11/5/2020,0,1,1,379,"26,621",263
11/6/2020,1,0,1,380,"26,879",258
11/7/2020,0,1,1,381,"27,090",211
11/8/2020,1,2,3,384,"27,176",86
11/9/2020,1,0,1,385,"27,474",298
11/10/2020,0,1,1,386,"27,902",428
11/11/2020,0,2,2,388,"28,247",345
11/12/2020,0,1,1,389,"28,692",445
11/13/2020,1,0,1,390,"29,072",380
11/14/2020,0,1,1,391,"29,336",264
11/15/2020,2,2,4,395,"29,454",118
11/16/2020,0,1,1,396,"29,770",316
11/17/2020,3,4,7,403,"30,335",565
11/18/2020,1,0,1,404,"30,911",576
11/19/2020,2,2,4,408,"31,426",515
11/21/2020,2,1,3,411,"32,319",342
11/22/2020,0,2,2,413,"32,592",273
11/23/2020,1,0,1,414,"33,226",634
11/24/2020,2,3,5,419,"33,915",689
11/25/2020,0,3,3,422,"34,755",840
11/26/2020,2,1,3,425,"34,908",153
11/27/2020,2,0,2,427,"35,437",529
11/28/2020,2,3,5,432,"35,996",559
11/29/2020,3,1,4,436,"36,508",512
11/30/2020,2,1,3,439,"37,450",942
12/1/2020,1,4,5,444,"38,748","1,298"
12/2/2020,2,5,7,451,"40,102","1,354"
12/3/2020,6,4,10,461,"41,334","1,232"
12/4/2020,4,0,4,465,"42,559","1,225"
12/5/2020,4,1,5,470,"43,373",814
12/6/2020,5,2,7,477,"43,869",496
12/7/2020,7,4,11,488,"45,154","1,285"
12/8/2020,5,1,6,494,"46,713","1,559"
12/9/2020,3,5,8,502,"48,251","1,538"
12/10/2020,5,4,9,511,"49,586","1,335"
12/11/2020,7,3,10,521,"50,697","1,111"
12/12/2020,5,4,9,530,"51,520",823
12/13/2020,5,2,7,537,"52,285",765
12/14/2020,9,4,13,550,"53,537","1,252"
12/15/2020,10,10,20,570,"55,376","1,839"
12/16/2020,8,3,11,581,"57,023","1,647"
12/17/2020,7,11,18,599,"58,521","1,498"
12/18/2020,9,4,13,612,"59,713","1,192"
12/19/2020,10,11,21,633,"60,461",748
12/20/2020,9,6,15,648,"61,064",603
12/21/2020,16,8,24,672,"62,592","1,528"
12/22/2020,10,8,18,690,"64,038","1,446"
12/23/2020,11,4,15,705,"65,478","1,440"
12/24/2020,5,9,14,719,"66,223",745
12/25/2020,14,7,21,740,"66,434",211
12/26/2020,10,9,19,759,"67,430",996
12/27/2020,16,11,27,786,"68,240",810
12/28/2020,13,7,20,806,"70,064","1,824"
12/29/2020,12,9,21,827,"71,880","1,816"
12/30/2020,8,11,19,846,"73,784","1,904"
12/31/2020,15,5,20,866,"74,962","1,178"
1/1/2021,16,14,30,896,"75,237",275
1/2/2021,12,5,17,913,"76,221",984
1/3/2021,17,7,24,937,"77,144",923
1/4/2021,8,5,13,950,"78,757","1,613"
1/5/2021,11,7,18,968,"81,008","2,251"
1/6/2021,10,5,15,983,"82,823","1,815"
1/7/2021,11,4,15,998,"84,447","1,624"
1/8/2021,5,12,17,"1,015","85,590","1,143"
1/9/2021,8,16,24,"1,039","86,460",870
1/10/2021,6,6,12,"1,051","87,156",696
1/11/2021,16,6,22,"1,073","88,440","1,284"
1/12/2021,9,15,24,"1,097","89,926","1,486"
1/13/2021,8,9,17,"1,114","91,228","1,302"
1/14/2021,8,9,17,"1,131","92,391","1,163"
1/15/2021,9,14,23,"1,154","93,390",999
1/16/2021,6,13,19,"1,173","94,011",621
1/17/2021,6,14,20,"1,193","94,479",468
1/18/2021,11,8,19,"1,212","95,216",737
1/19/2021,8,11,19,"1,231","96,238","1,022"
1/20/2021,4,13,17,"1,248","97,124",886
1/21/2021,3,9,12,"1,260","97,904",780
1/22/2021,5,12,17,"1,277","98,523",619
1/23/2021,9,7,16,"1,293","98,945",422
1/24/2021,6,7,13,"1,306","99,290",345
1/25/2021,7,4,11,"1,317","99,915",625
1/26/2021,7,6,13,"1,330","100,457",542
1/27/2021,6,9,15,"1,345","100,988",531
1/28/2021,4,10,14,"1,359","101,405",417
1/29/2021,6,8,14,"1,373","101,913",508
1/30/2021,1,3,4,"1,377","102,294",381
1/31/2021,4,8,12,"1,389","102,570",276
2/1/2021,6,10,16,"1,405","103,116",546
2/2/2021,4,6,10,"1,415","103,570",454
2/3/2021,3,14,17,"1,432","104,061",491
2/4/2021,3,9,12,"1,444","104,458",397
2/5/2021,4,6,10,"1,454","104,852",394
2/6/2021,1,4,5,"1,459","105,096",244
2/7/2021,0,9,9,"1,468","105,277",181
2/8/2021,4,1,5,"1,473","105,629",352
2/9/2021,4,7,11,"1,484","106,040",411
2/10/2021,3,8,11,"1,495","106,415",375
2/11/2021,5,7,12,"1,507","106,718",303
2/12/2021,0,7,7,"1,514","106,984",266
2/13/2021,1,4,5,"1,519","107,136",152
2/14/2021,1,4,5,"1,524","107,322",186
2/15/2021,3,5,8,"1,532","107,509",187
2/16/2021,0,4,4,"1,536","107,750",241
2/17/2021,2,7,9,"1,545","108,014",264
2/18/2021,2,3,5,"1,550","108,286",272
2/19/2021,2,3,5,"1,555","108,518",232
2/20/2021,2,5,7,"1,562","108,693",175
2/21/2021,2,3,5,"1,567","108,858",165
2/22/2021,1,3,4,"1,571","109,122",264
2/23/2021,2,4,6,"1,577","109,340",218
2/24/2021,0,2,2,"1,579","109,600",260
2/25/2021,0,3,3,"1,582","109,765",165
2/26/2021,3,5,8,"1,590","109,921",156
2/27/2021,0,4,4,"1,594","110,055",134
2/28/2021,0,2,2,"1,596","110,178",123
3/1/2021,0,4,4,"1,600","110,380",202
3/2/2021,0,2,2,"1,602","110,562",182
3/3/2021,1,0,1,"1,603","110,756",194
3/4/2021,1,2,3,"1,606","110,919",163
3/5/2021,1,3,4,"1,610","111,073",154
3/6/2021,1,1,2,"1,612","111,160",87
3/7/2021,1,0,1,"1,613","111,238",78
3/8/2021,1,2,3,"1,616","111,405",167
3/9/2021,0,3,3,"1,619","111,556",151
3/10/2021,0,4,4,"1,623","111,691",135
3/11/2021,2,2,4,"1,627","111,811",120
3/12/2021,2,2,4,"1,631","111,924",113
3/13/2021,0,1,1,"1,632","112,019",95
3/14/2021,1,0,1,"1,633","112,085",66
3/16/2021,0,1,1,"1,634","112,338",117
3/17/2021,1,1,2,"1,636","112,490",152
3/18/2021,1,2,3,"1,639","112,597",107
3/19/2021,0,2,2,"1,641","112,711",114
3/20/2021,0,1,1,"1,642","112,778",67
3/21/2021,1,0,1,"1,643","112,853",75
3/22/2021,0,3,3,"1,646","112,965",112
3/23/2021,0,2,2,"1,648","113,084",119
3/24/2021,1,0,1,"1,649","113,209",125
3/25/2021,0,3,3,"1,652","113,343",134
3/27/2021,0,1,1,"1,653","113,537",67
3/28/2021,0,1,1,"1,654","113,603",66
3/29/2021,0,2,2,"1,656","113,718",115
4/2/2021,2,0,2,"1,658","114,181",103
4/3/2021,0,2,2,"1,660","114,253",72
4/4/2021,2,3,5,"1,665","114,311",58
4/5/2021,1,0,1,"1,666","114,508",197
4/6/2021,0,1,1,"1,667","114,675",167
4/7/2021,0,1,1,"1,668","114,843",168
4/8/2021,0,2,2,"1,670","115,002",159
4/10/2021,1,1,2,"1,672","115,234",100
4/11/2021,0,1,1,"1,673","115,299",65
4/15/2021,0,1,1,"1,674","115,852",141
4/16/2021,0,1,1,"1,675","115,966",114
4/17/2021,0,1,1,"1,676","116,060",94
4/20/2021,0,1,1,"1,677","116,398",124
4/22/2021,0,1,1,"1,678","116,599",79
4/25/2021,0,1,1,"1,679","116,807",51
4/28/2021,1,1,2,"1,681","117,051",62
4/29/2021,0,1,1,"1,682","117,133",82
5/3/2021,1,2,3,"1,685","117,364",71
5/4/2021,0,1,1,"1,686","117,449",85
5/5/2021,0,1,1,"1,687","117,519",70
5/6/2021,1,0,1,"1,688","117,564",45
5/7/2021,0,2,2,"1,690","117,616",52
5/13/2021,0,1,1,"1,691","117,889",58
5/15/2021,0,1,1,"1,692","117,956",23
5/22/2021,0,1,1,"1,693","118,171",28
5/26/2021,0,1,1,"1,694","118,265",22
5/28/2021,0,1,1,"1,695","118,319",22
5/29/2021,0,1,1,"1,696","118,335",16
5/30/2021,0,1,1,"1,697","118,359",24
6/3/2021,0,1,1,"1,698","118,480",34
6/5/2021,0,1,1,"1,699","118,541",22
6/7/2021,1,0,1,"1,700","118,587",28
6/8/2021,1,0,1,"1,701","118,610",23
6/9/2021,0,1,1,"1,702","118,636",26
6/10/2021,1,0,1,"1,703","118,673",37
6/13/2021,0,1,1,"1,704","118,748",21
6/19/2021,0,1,1,"1,705","118,914",16
6/27/2021,0,1,1,"1,706","119,140",21
7/7/2021,0,1,1,"1,707","119,710",87
7/23/2021,0,1,1,"1,708","122,221",237
7/24/2021,0,1,1,"1,709","122,394",173
